       -0.01374
       -0.01069
       -0.00767
       -0.00467
       -0.00169
        0.00126
        0.00418
        0.00708
        0.00996
        0.01281
        0.01563
        0.01843
        0.02121
        0.02396
        0.02668
        0.02938
        0.03206
        0.03471
        0.03733
        0.03994
        0.04251
        0.04506
        0.04759
        0.05009
        0.05256
        0.05501
        0.05744
        0.05984
        0.06221
        0.06457
        0.06689
        0.06919
        0.07147
        0.07372
        0.07594
        0.07814
        0.08032
        0.08247
        0.08460
        0.08670
        0.08877
        0.09082
        0.09285
        0.09485
        0.09683
        0.09878
        0.10070
        0.10261
        0.10448
        0.10633
        0.10816
        0.10996
        0.11174
        0.11349
        0.11521
        0.11691
        0.11859
        0.12024
        0.12187
        0.12347
        0.12505
        0.00000
        0.00000
        0.00000
        0.00000
        0.00000
        0.00000
        0.00000
        0.00000
        0.00000
        0.00000
        0.00000
        0.00000
        0.00000
        0.00000
        0.00000
        0.00000
        0.00000
        0.00000
        0.00000
        0.00000
